V 54
K 1
D 0 -254000 3048000 0
Y 1
U 2667000 762000 254000 0 2 3 REFDES=Y?
U 2667000 508000 254000 0 2 3 DEVICE=ABM8-20.000MHZ-B2-T
U 2667000 254000 254000 0 2 0 PKG_TYPE=ABM810000MHZ12D2W
U 2667000 0 254000 0 2 0 Description=20 MHz +/-20ppm Crystal 18pF 50 Ohms 4-SMD, No Lead
U 2667000 -254000 254000 0 2 0 Datasheet Link=https://abracon.com/Resonators/abm8.pdf
U 2667000 -508000 254000 0 2 0 Height=0.8
U 2667000 -762000 254000 0 2 0 Mouser Part Number=815-ABM8-20-B2-T
U 2667000 -1016000 254000 0 2 0 Mouser Price/Stock=https://www.mouser.co.uk/ProductDetail/ABRACON/ABM8-20000MHZ-B2-T?qs=zLkLEWnxMJwLicGB81opDg%3D%3D
U 2667000 -1270000 254000 0 2 0 Manufacturer_Name=ABRACON
U 2667000 -1524000 254000 0 2 0 Manufacturer_Part_Number=ABM8-20.000MHZ-B2-T
U 0 0 254000 0 1 0 FORWARD_PCB=1
l 5 508000 254000 2540000 254000 2540000 -508000 508000 -508000 508000 254000
|GRPHSTL -1 -1 -1 1
P 1 0 -254000 508000 -254000 0 2 0
L 584200 -254000 228600 0 2 0 1 0 X1
A 355600 -203200 203200 0 9 3 #=1
A 0 0 9 0 3 0 PINTYPE=BI
P 2 3048000 -254000 2540000 -254000 0 3 0
L 2463800 -254000 228600 0 8 0 1 0 GND_1
A 2692400 -203200 203200 0 3 3 #=2
A 0 0 9 0 3 0 PINTYPE=BI
P 3 3048000 0 2540000 0 0 3 0
L 2463800 0 228600 0 8 0 1 0 X2
A 2692400 50800 203200 0 3 3 #=3
A 0 0 9 0 3 0 PINTYPE=BI
P 4 0 0 508000 0 0 2 0
L 584200 0 228600 0 2 0 1 0 GND_2
A 355600 50800 203200 0 9 3 #=4
A 0 0 9 0 3 0 PINTYPE=BI
E
