V 54
K 1
D 0 -254000 0 0
Y 1
U 1651000 762000 254000 0 2 3 REFDES=J?
U 1651000 508000 254000 0 2 3 DEVICE=22-23-2021
U 1651000 254000 254000 0 2 0 PKG_TYPE=SHDR2W87P0X254_1X2_493X635X1105P
U 1651000 0 254000 0 2 0 Description=Headers & Wire Housings VERT PCB HDR 2P TIN FRICTION LOCK
U 1651000 -254000 254000 0 2 0 Datasheet Link=
U 1651000 -508000 254000 0 2 0 Height=11.05
U 1651000 -762000 254000 0 2 0 Mouser Part Number=538-22-23-2021
U 1651000 -1016000 254000 0 2 0 Mouser Price/Stock=https://www.mouser.co.uk/ProductDetail/Molex/22-23-2021?qs=ILqg114nvd4YKlRlbo3yMg%3D%3D
U 1651000 -1270000 254000 0 2 0 Manufacturer_Name=Molex
U 1651000 -1524000 254000 0 2 0 Manufacturer_Part_Number=22-23-2021
U 0 0 254000 0 1 0 FORWARD_PCB=1
l 5 508000 254000 1524000 254000 1524000 -508000 508000 -508000 508000 254000
|GRPHSTL -1 -1 -1 1
P 1 0 0 508000 0 0 2 0
L 584200 0 228600 0 2 0 1 0 1
A 355600 50800 203200 0 9 3 #=1
A 0 0 9 0 3 0 PINTYPE=BI
P 2 0 -254000 508000 -254000 0 2 0
L 584200 -254000 228600 0 2 0 1 0 2
A 355600 -203200 203200 0 9 3 #=2
A 0 0 9 0 3 0 PINTYPE=BI
E
