V 54
K 1
D 0 -508000 2794000 0
Y 1
U 2413000 762000 254000 0 2 3 REFDES=IC?
U 2413000 508000 254000 0 2 3 DEVICE=ADP3338AKCZ-5-R7
U 2413000 254000 254000 0 2 0 PKG_TYPE=SOT230P700X180-4N
U 2413000 0 254000 0 2 0 Description=Analog Devices ADP3338AKCZ-5-R7, LDO Voltage Regulator, 1A, 5 V +/-1.6%, 2.7  8 Vin, 3-Pin SOT-223
U 2413000 -254000 254000 0 2 0 Datasheet Link=
U 2413000 -508000 254000 0 2 0 Height=
U 2413000 -762000 254000 0 2 0 Mouser Part Number=584-ADP3338AKCZ-5-R7
U 2413000 -1016000 254000 0 2 0 Mouser Price/Stock=https://www.mouser.co.uk/ProductDetail/Analog-Devices/ADP3338AKCZ-5-R7?qs=WIvQP4zGangs6Tv%252BSE3hsA%3D%3D
U 2413000 -1270000 254000 0 2 0 Manufacturer_Name=Analog Devices
U 2413000 -1524000 254000 0 2 0 Manufacturer_Part_Number=ADP3338AKCZ-5-R7
U 0 0 254000 0 1 0 FORWARD_PCB=1
l 5 508000 254000 2286000 254000 2286000 -762000 508000 -762000 508000 254000
|GRPHSTL -1 -1 -1 1
P 1 0 0 508000 0 0 2 0
L 584200 0 228600 0 2 0 1 0 GND
A 355600 50800 203200 0 9 3 #=1
A 0 0 9 0 3 0 PINTYPE=BI
P 2 0 -254000 508000 -254000 0 2 0
L 584200 -254000 228600 0 2 0 1 0 OUT_2
A 355600 -203200 203200 0 9 3 #=2
A 0 0 9 0 3 0 PINTYPE=BI
P 3 0 -508000 508000 -508000 0 2 0
L 584200 -508000 228600 0 2 0 1 0 IN
A 355600 -457200 203200 0 9 3 #=3
A 0 0 9 0 3 0 PINTYPE=BI
P 4 2794000 0 2286000 0 0 3 0
L 2209800 0 228600 0 8 0 1 0 OUT
A 2438400 50800 203200 0 3 3 #=4
A 0 0 9 0 3 0 PINTYPE=BI
E
