V 54
K 1
D 0 -8382000 9652000 4826000
Y 1
U 9271000 4826000 254000 0 2 3 REFDES=IC?
U 9271000 4572000 254000 0 2 3 DEVICE=dsPIC33FJ64MC804-I_ML
U 9271000 4318000 254000 0 2 0 PKG_TYPE=QFN65P800X800X100-45N-D
U 9271000 4064000 254000 0 2 0 Description=MCU&DSP 64K Flash 16K RAM DMA QFN44
U 9271000 3810000 254000 0 2 0 Datasheet Link=http://ww1.microchip.com/downloads/en/DeviceDoc/70291G.pdf
U 9271000 3556000 254000 0 2 0 Height=1
U 9271000 3302000 254000 0 2 0 Mouser Part Number=579-DSPIC364MC804IML
U 9271000 3048000 254000 0 2 0 Mouser Price/Stock=https://www.mouser.co.uk/ProductDetail/Microchip-Technology/DSPIC33FJ64MC804-I-ML?qs=nMCt4TBfEwoppiYgos1DJw%3D%3D
U 9271000 2794000 254000 0 2 0 Manufacturer_Name=Microchip
U 9271000 2540000 254000 0 2 0 Manufacturer_Part_Number=dsPIC33FJ64MC804-I/ML
U 0 0 254000 0 1 0 FORWARD_PCB=1
l 5 508000 4318000 9144000 4318000 9144000 -7874000 508000 -7874000 508000 4318000
|GRPHSTL -1 -1 -1 1
P 1 0 0 508000 0 0 2 0
L 584200 0 228600 0 2 0 1 0 SDA1/RP9/CN21/PMD3/RB9
A 355600 50800 203200 0 9 3 #=1
A 0 0 9 0 3 0 PINTYPE=BI
P 2 0 -254000 508000 -254000 0 2 0
L 584200 -254000 228600 0 2 0 1 0 PWM2H1/RP22/CN18/PMA1/RC6
A 355600 -203200 203200 0 9 3 #=2
A 0 0 9 0 3 0 PINTYPE=BI
P 3 0 -508000 508000 -508000 0 2 0
L 584200 -508000 228600 0 2 0 1 0 PWM2L1/RP23/CN17/PMA0/RC7
A 355600 -457200 203200 0 9 3 #=3
A 0 0 9 0 3 0 PINTYPE=BI
P 4 0 -762000 508000 -762000 0 2 0
L 584200 -762000 228600 0 2 0 1 0 RP24/CN20/PMA5/RC8
A 355600 -711200 203200 0 9 3 #=4
A 0 0 9 0 3 0 PINTYPE=BI
P 5 0 -1016000 508000 -1016000 0 2 0
L 584200 -1016000 228600 0 2 0 1 0 RP25/CN19/PMA6/RC9
A 355600 -965200 203200 0 9 3 #=5
A 0 0 9 0 3 0 PINTYPE=BI
P 6 0 -1270000 508000 -1270000 0 2 0
L 584200 -1270000 228600 0 2 0 1 0 VSS_1
A 355600 -1219200 203200 0 9 3 #=6
A 0 0 9 0 3 0 PINTYPE=BI
P 7 0 -1524000 508000 -1524000 0 2 0
L 584200 -1524000 228600 0 2 0 1 0 VCAP
A 355600 -1473200 203200 0 9 3 #=7
A 0 0 9 0 3 0 PINTYPE=BI
P 8 0 -1778000 508000 -1778000 0 2 0
L 584200 -1778000 228600 0 2 0 1 0 PGED2/PWM1H3/RP10/CN16/PMD2/RB10
A 355600 -1727200 203200 0 9 3 #=8
A 0 0 9 0 3 0 PINTYPE=BI
P 9 0 -2032000 508000 -2032000 0 2 0
L 584200 -2032000 228600 0 2 0 1 0 PGEC2/PWM1L3/RP11/CN15/PMD1/RB11
A 355600 -1981200 203200 0 9 3 #=9
A 0 0 9 0 3 0 PINTYPE=BI
P 10 0 -2286000 508000 -2286000 0 2 0
L 584200 -2286000 228600 0 2 0 1 0 PWM1H2/DAC1RP/RP12/CN14/PMD0/RB12
A 355600 -2235200 203200 0 9 3 #=10
A 0 0 9 0 3 0 PINTYPE=BI
P 11 0 -2540000 508000 -2540000 0 2 0
L 584200 -2540000 228600 0 2 0 1 0 PWM1L2/DAC1RN/RP13/CN13/PMRD/RB13
A 355600 -2489200 203200 0 9 3 #=11
A 0 0 9 0 3 0 PINTYPE=BI
P 12 3556000 -8382000 3556000 -7874000 0 1 0
L 3556000 -7797800 228600 1 2 0 1 0 TMS/PMA10/RA10
A 3505200 -8026400 203200 1 9 3 #=12
A 0 0 9 0 3 0 PINTYPE=BI
P 13 3810000 -8382000 3810000 -7874000 0 1 0
L 3810000 -7797800 228600 1 2 0 1 0 TCK/PMA7/RA7
A 3759200 -8026400 203200 1 9 3 #=13
A 0 0 9 0 3 0 PINTYPE=BI
P 14 4064000 -8382000 4064000 -7874000 0 1 0
L 4064000 -7797800 228600 1 2 0 1 0 PWM1H1/DAC1LP/RTCC/RP14/CN12/PMWR/RB14
A 4013200 -8026400 203200 1 9 3 #=14
A 0 0 9 0 3 0 PINTYPE=BI
P 15 4318000 -8382000 4318000 -7874000 0 1 0
L 4318000 -7797800 228600 1 2 0 1 0 PWM1L1/DAC1LN/RP15/CN11/PMCS1/RB15
A 4267200 -8026400 203200 1 9 3 #=15
A 0 0 9 0 3 0 PINTYPE=BI
P 16 4572000 -8382000 4572000 -7874000 0 1 0
L 4572000 -7797800 228600 1 2 0 1 0 AVSS
A 4521200 -8026400 203200 1 9 3 #=16
A 0 0 9 0 3 0 PINTYPE=BI
P 17 4826000 -8382000 4826000 -7874000 0 1 0
L 4826000 -7797800 228600 1 2 0 1 0 AVDD
A 4775200 -8026400 203200 1 9 3 #=17
A 0 0 9 0 3 0 PINTYPE=BI
P 18 5080000 -8382000 5080000 -7874000 0 1 0
L 5080000 -7797800 228600 1 2 0 1 0 ~MCLR
A 5029200 -8026400 203200 1 9 3 #=18
A 0 0 9 0 3 0 PINTYPE=BI
P 19 5334000 -8382000 5334000 -7874000 0 1 0
L 5334000 -7797800 228600 1 2 0 1 0 AN0/VREF+/CN2/RA0
A 5283200 -8026400 203200 1 9 3 #=19
A 0 0 9 0 3 0 PINTYPE=BI
P 20 5588000 -8382000 5588000 -7874000 0 1 0
L 5588000 -7797800 228600 1 2 0 1 0 AN1/VREF-/CN3/RA1
A 5537200 -8026400 203200 1 9 3 #=20
A 0 0 9 0 3 0 PINTYPE=BI
P 21 5842000 -8382000 5842000 -7874000 0 1 0
L 5842000 -7797800 228600 1 2 0 1 0 PGED1/AN2/C2IN-/RP0/CN4/RB0
A 5791200 -8026400 203200 1 9 3 #=21
A 0 0 9 0 3 0 PINTYPE=BI
P 22 6096000 -8382000 6096000 -7874000 0 1 0
L 6096000 -7797800 228600 1 2 0 1 0 PGEC1/AN3/C2IN+/RP1/CN5/RB1
A 6045200 -8026400 203200 1 9 3 #=22
A 0 0 9 0 3 0 PINTYPE=BI
P 23 9652000 0 9144000 0 0 3 0
L 9067800 0 228600 0 8 0 1 0 SOSCI/RP4/CN1/RB4
A 9296400 50800 203200 0 3 3 #=33
A 0 0 9 0 3 0 PINTYPE=BI
P 24 9652000 -254000 9144000 -254000 0 3 0
L 9067800 -254000 228600 0 8 0 1 0 TDO/PMA8/RA8
A 9296400 -203200 203200 0 3 3 #=32
A 0 0 9 0 3 0 PINTYPE=BI
P 25 9652000 -508000 9144000 -508000 0 3 0
L 9067800 -508000 228600 0 8 0 1 0 OSC2/CLKO/CN29/RA3
A 9296400 -457200 203200 0 3 3 #=31
A 0 0 9 0 3 0 PINTYPE=BI
P 26 9652000 -762000 9144000 -762000 0 3 0
L 9067800 -762000 228600 0 8 0 1 0 OSC1/CLKI/CN30/RA2
A 9296400 -711200 203200 0 3 3 #=30
A 0 0 9 0 3 0 PINTYPE=BI
P 27 9652000 -1016000 9144000 -1016000 0 3 0
L 9067800 -1016000 228600 0 8 0 1 0 VSS_2
A 9296400 -965200 203200 0 3 3 #=29
A 0 0 9 0 3 0 PINTYPE=BI
P 28 9652000 -1270000 9144000 -1270000 0 3 0
L 9067800 -1270000 228600 0 8 0 1 0 VDD_1
A 9296400 -1219200 203200 0 3 3 #=28
A 0 0 9 0 3 0 PINTYPE=BI
P 29 9652000 -1524000 9144000 -1524000 0 3 0
L 9067800 -1524000 228600 0 8 0 1 0 AN8/CVREF/RP18/PMA2/CN10/RC2
A 9296400 -1473200 203200 0 3 3 #=27
A 0 0 9 0 3 0 PINTYPE=BI
P 30 9652000 -1778000 9144000 -1778000 0 3 0
L 9067800 -1778000 228600 0 8 0 1 0 AN7/DAC1LM/RP17/CN9/RC1
A 9296400 -1727200 203200 0 3 3 #=26
A 0 0 9 0 3 0 PINTYPE=BI
P 31 9652000 -2032000 9144000 -2032000 0 3 0
L 9067800 -2032000 228600 0 8 0 1 0 AN6/DAC1RM/RP16/CN8/RC0
A 9296400 -1981200 203200 0 3 3 #=25
A 0 0 9 0 3 0 PINTYPE=BI
P 32 9652000 -2286000 9144000 -2286000 0 3 0
L 9067800 -2286000 228600 0 8 0 1 0 AN5/C1IN+/RP3/CN7/RB3
A 9296400 -2235200 203200 0 3 3 #=24
A 0 0 9 0 3 0 PINTYPE=BI
P 33 9652000 -2540000 9144000 -2540000 0 3 0
L 9067800 -2540000 228600 0 8 0 1 0 AN4/C1IN-/RP2/CN6/RB2
A 9296400 -2489200 203200 0 3 3 #=23
A 0 0 9 0 3 0 PINTYPE=BI
P 34 3302000 4826000 3302000 4318000 0 0 0
L 3302000 4241800 228600 1 8 0 1 0 EPAD
A 3251200 4470400 203200 1 3 3 #=45
A 0 0 9 0 3 0 PINTYPE=BI
P 35 3556000 4826000 3556000 4318000 0 0 0
L 3556000 4241800 228600 1 8 0 1 0 SCL1/RP8/CN22/PMD4/RB8
A 3505200 4470400 203200 1 3 3 #=44
A 0 0 9 0 3 0 PINTYPE=BI
P 36 3810000 4826000 3810000 4318000 0 0 0
L 3810000 4241800 228600 1 8 0 1 0 INT0/RP7/CN23/PMD5/RB7
A 3759200 4470400 203200 1 3 3 #=43
A 0 0 9 0 3 0 PINTYPE=BI
P 37 4064000 4826000 4064000 4318000 0 0 0
L 4064000 4241800 228600 1 8 0 1 0 PGEC3/ASCL1/RP6/CN24/PMD6/RB6
A 4013200 4470400 203200 1 3 3 #=42
A 0 0 9 0 3 0 PINTYPE=BI
P 38 4318000 4826000 4318000 4318000 0 0 0
L 4318000 4241800 228600 1 8 0 1 0 PGED3/ASDA1/RP5/CN27/PMD7/RB5
A 4267200 4470400 203200 1 3 3 #=41
A 0 0 9 0 3 0 PINTYPE=BI
P 39 4572000 4826000 4572000 4318000 0 0 0
L 4572000 4241800 228600 1 8 0 1 0 VDD_2
A 4521200 4470400 203200 1 3 3 #=40
A 0 0 9 0 3 0 PINTYPE=BI
P 40 4826000 4826000 4826000 4318000 0 0 0
L 4826000 4241800 228600 1 8 0 1 0 VSS_3
A 4775200 4470400 203200 1 3 3 #=39
A 0 0 9 0 3 0 PINTYPE=BI
P 41 5080000 4826000 5080000 4318000 0 0 0
L 5080000 4241800 228600 1 8 0 1 0 RP21/CN26/PMA3/RC5
A 5029200 4470400 203200 1 3 3 #=38
A 0 0 9 0 3 0 PINTYPE=BI
P 42 5334000 4826000 5334000 4318000 0 0 0
L 5334000 4241800 228600 1 8 0 1 0 RP20/CN25/PMA4/RC4
A 5283200 4470400 203200 1 3 3 #=37
A 0 0 9 0 3 0 PINTYPE=BI
P 43 5588000 4826000 5588000 4318000 0 0 0
L 5588000 4241800 228600 1 8 0 1 0 RP19/CN28/PMBE/RC3
A 5537200 4470400 203200 1 3 3 #=36
A 0 0 9 0 3 0 PINTYPE=BI
P 44 5842000 4826000 5842000 4318000 0 0 0
L 5842000 4241800 228600 1 8 0 1 0 TDI/PMA9/RA9
A 5791200 4470400 203200 1 3 3 #=35
A 0 0 9 0 3 0 PINTYPE=BI
P 45 6096000 4826000 6096000 4318000 0 0 0
L 6096000 4241800 228600 1 8 0 1 0 SOSCO/T1CK/CN0/RA4
A 6045200 4470400 203200 1 3 3 #=34
A 0 0 9 0 3 0 PINTYPE=BI
E
