V 54
K 1
D 0 -1778000 3302000 0
Y 1
U 2921000 762000 254000 0 2 3 REFDES=IC?
U 2921000 508000 254000 0 2 3 DEVICE=RN4871-I_RM130
U 2921000 254000 254000 0 2 0 PKG_TYPE=RN4871
U 2921000 0 254000 0 2 0 Description=Bluetooth BLE Module, Shielded, Antenna,
U 2921000 -254000 254000 0 2 0 Datasheet Link=http://ww1.microchip.com/downloads/en/DeviceDoc/50002489C.pdf
U 2921000 -508000 254000 0 2 0 Height=
U 2921000 -762000 254000 0 2 0 Mouser Part Number=579-RN4871IRM130
U 2921000 -1016000 254000 0 2 0 Mouser Price/Stock=https://www.mouser.co.uk/ProductDetail/Microchip-Technology/RN4871-I-RM130?qs=MLItCLRbWswoZsrzvVbGYw%3D%3D
U 2921000 -1270000 254000 0 2 0 Manufacturer_Name=Microchip
U 2921000 -1524000 254000 0 2 0 Manufacturer_Part_Number=RN4871-I/RM130
U 0 0 254000 0 1 0 FORWARD_PCB=1
l 5 508000 254000 2794000 254000 2794000 -2032000 508000 -2032000 508000 254000
|GRPHSTL -1 -1 -1 1
P 1 0 0 508000 0 0 2 0
L 584200 0 228600 0 2 0 1 0 NC
A 355600 50800 203200 0 9 3 #=1
A 0 0 9 0 3 0 PINTYPE=BI
P 2 0 -254000 508000 -254000 0 2 0
L 584200 -254000 228600 0 2 0 1 0 GND_1
A 355600 -203200 203200 0 9 3 #=2
A 0 0 9 0 3 0 PINTYPE=BI
P 3 0 -508000 508000 -508000 0 2 0
L 584200 -508000 228600 0 2 0 1 0 P1_2
A 355600 -457200 203200 0 9 3 #=3
A 0 0 9 0 3 0 PINTYPE=BI
P 4 0 -762000 508000 -762000 0 2 0
L 584200 -762000 228600 0 2 0 1 0 P1_3
A 355600 -711200 203200 0 9 3 #=4
A 0 0 9 0 3 0 PINTYPE=BI
P 5 0 -1016000 508000 -1016000 0 2 0
L 584200 -1016000 228600 0 2 0 1 0 P1_7
A 355600 -965200 203200 0 9 3 #=5
A 0 0 9 0 3 0 PINTYPE=BI
P 6 0 -1270000 508000 -1270000 0 2 0
L 584200 -1270000 228600 0 2 0 1 0 P1_6
A 355600 -1219200 203200 0 9 3 #=6
A 0 0 9 0 3 0 PINTYPE=BI
P 7 0 -1524000 508000 -1524000 0 2 0
L 584200 -1524000 228600 0 2 0 1 0 UART_RX
A 355600 -1473200 203200 0 9 3 #=7
A 0 0 9 0 3 0 PINTYPE=BI
P 8 0 -1778000 508000 -1778000 0 2 0
L 584200 -1778000 228600 0 2 0 1 0 UART_TX
A 355600 -1727200 203200 0 9 3 #=8
A 0 0 9 0 3 0 PINTYPE=BI
P 9 3302000 0 2794000 0 0 3 0
L 2717800 0 228600 0 8 0 1 0 P3_6
A 2946400 50800 203200 0 3 3 #=9
A 0 0 9 0 3 0 PINTYPE=BI
P 10 3302000 -254000 2794000 -254000 0 3 0
L 2717800 -254000 228600 0 8 0 1 0 RST_N
A 2946400 -203200 203200 0 3 3 #=10
A 0 0 9 0 3 0 PINTYPE=BI
P 11 3302000 -508000 2794000 -508000 0 3 0
L 2717800 -508000 228600 0 8 0 1 0 P0_0
A 2946400 -457200 203200 0 3 3 #=11
A 0 0 9 0 3 0 PINTYPE=BI
P 12 3302000 -762000 2794000 -762000 0 3 0
L 2717800 -762000 228600 0 8 0 1 0 P0_2
A 2946400 -711200 203200 0 3 3 #=12
A 0 0 9 0 3 0 PINTYPE=BI
P 13 3302000 -1016000 2794000 -1016000 0 3 0
L 2717800 -1016000 228600 0 8 0 1 0 GND_2
A 2946400 -965200 203200 0 3 3 #=13
A 0 0 9 0 3 0 PINTYPE=BI
P 14 3302000 -1270000 2794000 -1270000 0 3 0
L 2717800 -1270000 228600 0 8 0 1 0 VBAT
A 2946400 -1219200 203200 0 3 3 #=14
A 0 0 9 0 3 0 PINTYPE=BI
P 15 3302000 -1524000 2794000 -1524000 0 3 0
L 2717800 -1524000 228600 0 8 0 1 0 P2_7
A 2946400 -1473200 203200 0 3 3 #=15
A 0 0 9 0 3 0 PINTYPE=BI
P 16 3302000 -1778000 2794000 -1778000 0 3 0
L 2717800 -1778000 228600 0 8 0 1 0 P2_0
A 2946400 -1727200 203200 0 3 3 #=16
A 0 0 9 0 3 0 PINTYPE=BI
E
